92229 144587 1592024 573931 113892 359263 359106 1008099 191106	280652 11421953	614431		
319539 1473845 3177735 1570019 1086087 5087263 5442588 2304115 515629 330422 11601136 1790330		
660684 7194157 8026984 4332614 1100833 3044194 216366 2221087 407459 150501 1398570 338786		
362721 662368 2496152 3031721 1778064 1616943 3292535 3231248 3665635 1453225 1666123 3997630
2562420 20340 87008 18351 37744 51021 28216 16570 141197 111115 163959 55583		

115802 151599 1759889 698284 155450 460459 493383 1391890 250673 363465 12560621 687960
384541 1583725 3248929 1790594 1107490 5559156 5921781 2981849 577774 430858 13489297 1937230
683651 7386085 8437298 5109752 1059031 3421099 251689 2365998 404207 149311 1503224 367064
365868 667920 2347196 2896812 1661269 18150979 3051010 3773412 3978057 1564007 17519939 3940945
2691794 25256 81287 17161 33473 50616 29759 18267 209181 99608 161402 47102
